0   -0.72000
1   -0.69120
2   -0.60576
3   -0.46702
4   -0.28203
5   -0.06330
6    0.16951
7    0.38912
8    0.56256
9    0.65670
10    0.64748
11    0.53143
12    0.33500
13    0.11565
14   -0.05125
15   -0.10018
16   -0.00918
17    0.17933
18    0.37021
19    0.46486
20    0.42396
21    0.29687
22    0.18230
23    0.14023
24    0.13558
25    0.08531
26   -0.02467
27   -0.09570
28   -0.03899
29    0.06399
30    0.01689
31   -0.21214
32   -0.37248
33   -0.25668
34   -0.06551
35   -0.15937
36   -0.45250
37   -0.49332
38   -0.25578
39   -0.23513
40   -0.51616
41   -0.57847
42   -0.35620
43   -0.38412
44   -0.62393
45   -0.56567
46   -0.41956
47   -0.57685
48   -0.65638
49   -0.51384
50   -0.57573
51   -0.67923
52   -0.58006
53   -0.60953
54   -0.68636
55   -0.61674
56   -0.65079
57   -0.68750
58   -0.64311
59   -0.68430
60   -0.68355
61   -0.67160
62   -0.69956
63   -0.68476
64   -0.69674
65   -0.69978
66   -0.69781
67   -0.70580
68   -0.70357
69   -0.70796
70   -0.70863
71   -0.71026
72   -0.71160
73   -0.71290
74   -0.71333
75   -0.71517
76   -0.71464
77   -0.71679
78   -0.71578
79   -0.71784
80   -0.71681
81   -0.71847
82   -0.71773
83   -0.71880
84   -0.71854
85   -0.71892
86   -0.71922
87   -0.71897
88   -0.71967
89   -0.71912
90   -0.71983
91   -0.71943
92   -0.71976
93   -0.71977
94   -0.71968
95   -0.71994
96   -0.71977
97   -0.71990
98   -0.71993
99   -0.71987
100   -0.71997
101   -0.71994
102   -0.71994
103   -0.71998
104   -0.71996
105   -0.71997
106   -0.71999
107   -0.71998
108   -0.71998
109   -0.71999
110   -0.71999
111   -0.71999
112   -0.72000
113   -0.72000
114   -0.72000
115   -0.72000
116   -0.72000
117   -0.72000
118   -0.72000
119   -0.72000
120   -0.72000
121   -0.72000
122   -0.72000
123   -0.72000
124   -0.72000
125   -0.72000
126   -0.72000
127   -0.72000
128   -0.72000
129   -0.72000
130   -0.72000
131   -0.72000
132   -0.72000
133   -0.72000
134   -0.72000
135   -0.72000
136   -0.72000
137   -0.72000
138   -0.72000
139   -0.72000
140   -0.72000
141   -0.72000
142   -0.72000
143   -0.72000
144   -0.72000
145   -0.72000
146   -0.72000
147   -0.72000
148   -0.72000
149   -0.72000
150   -0.72000
151   -0.72000
152   -0.72000
153   -0.72000
154   -0.72000
155   -0.72000
156   -0.72000
157   -0.72000
158   -0.72000
159   -0.72000
160   -0.72000
161   -0.72000
162   -0.72000
163   -0.72000
164   -0.72000
165   -0.72000
166   -0.72000
167   -0.72000
168   -0.72000
169   -0.72000
170   -0.72000
171   -0.72000
172   -0.72000
173   -0.72000
174   -0.72000
175   -0.72000
176   -0.72000
177   -0.72000
178   -0.72000
179   -0.72000
180   -0.72000
181   -0.72000
182   -0.72000
183   -0.72000
184   -0.72000
185   -0.72000
186   -0.72000
187   -0.72000
188   -0.72000
189   -0.72000
190   -0.72000
191   -0.72000
192   -0.72000
193   -0.72000
194   -0.72000
195   -0.72000
196   -0.72000
197   -0.72000
198   -0.72000
199   -0.72000
200   -0.72000
201   -0.72000
202   -0.72000
203   -0.72000
204   -0.72000
205   -0.72000
206   -0.72000
207   -0.72000
208   -0.72000
209   -0.72000
210   -0.72000
211   -0.72000
212   -0.72000
213   -0.72000
214   -0.72000
215   -0.72000
216   -0.72000
217   -0.72000
218   -0.72000
219   -0.72000
220   -0.72000
221   -0.72000
222   -0.72000
223   -0.72000
224   -0.72000
225   -0.72000
226   -0.72000
227   -0.72000
228   -0.72000
229   -0.72000
230   -0.72000
231   -0.72000
232   -0.72000
233   -0.72000
234   -0.72000
235   -0.72000
236   -0.72000
237   -0.72000
238   -0.72000
239   -0.72000
240   -0.72000
241   -0.72000
242   -0.72000
243   -0.72000
244   -0.72000
245   -0.72000
246   -0.72000
247   -0.72000
248   -0.72000
249   -0.72000
250   -0.72000
251   -0.72000
252   -0.72000
253   -0.72000
254   -0.72000
255   -0.72000
256   -0.72000
257   -0.72000
258   -0.72000
259   -0.72000
260   -0.72000
261   -0.72000
262   -0.72000
263   -0.72000
264   -0.72000
265   -0.72000
266   -0.72000
267   -0.72000
268   -0.72000
269   -0.72000
270   -0.72000
271   -0.72000
272   -0.72000
273   -0.72000
274   -0.72000
275   -0.72000
276   -0.72000
277   -0.72000
278   -0.72000
279   -0.72000
280   -0.72000
281   -0.72000
282   -0.72000
283   -0.72000
284   -0.72000
285   -0.72000
286   -0.72000
287   -0.72000
288   -0.72000
289   -0.72000
290   -0.72000
291   -0.72000
292   -0.72000
293   -0.72000
294   -0.72000
295   -0.72000
296   -0.72000
297   -0.72000
298   -0.72000
299   -0.72000
300   -0.72000
301   -0.72000
302   -0.72000
303   -0.72000
304   -0.72000
305   -0.72000
306   -0.72000
307   -0.72000
308   -0.72000
309   -0.72000
310   -0.72000
311   -0.72000
312   -0.72000
313   -0.72000
314   -0.72000
315   -0.72000
316   -0.72000
317   -0.72000
318   -0.72000
319   -0.72000
320   -0.72000
321   -0.72000
322   -0.72000
323   -0.72000
324   -0.72000
325   -0.72000
326   -0.72000
327   -0.72000
328   -0.72000
329   -0.72000
330   -0.72000
331   -0.72000
332   -0.72000
333   -0.72000
334   -0.72000
335   -0.72000
336   -0.72000
337   -0.72000
338   -0.72000
339   -0.72000
340   -0.72000
341   -0.72000
342   -0.72000
343   -0.72000
344   -0.72000
345   -0.72000
346   -0.72000
347   -0.72000
348   -0.72000
349   -0.72000
350   -0.72000
351   -0.72000
352   -0.72000
353   -0.72000
354   -0.72000
355   -0.72000
356   -0.72000
357   -0.72000
358   -0.72000
359   -0.72000
360   -0.72000
361   -0.72000
362   -0.72000
363   -0.72000
364   -0.72000
365   -0.72000
366   -0.72000
367   -0.72000
368   -0.72000
369   -0.72000
370   -0.72000
371   -0.72000
372   -0.72000
373   -0.72000
374   -0.72000
375   -0.72000
376   -0.72000
377   -0.72000
378   -0.72000
379   -0.72000
380   -0.72000
381   -0.72000
382   -0.72000
383   -0.72000
384   -0.72000
385   -0.72000
386   -0.72000
387   -0.72000
388   -0.72000
389   -0.72000
390   -0.72000
391   -0.72000
392   -0.72000
393   -0.72000
394   -0.72000
395   -0.72000
396   -0.72000
397   -0.72000
398   -0.72000
399   -0.72000
400   -0.72000
401   -0.72000
402   -0.72000
403   -0.72000
404   -0.72000
405   -0.72000
406   -0.72000
407   -0.72000
408   -0.72000
409   -0.72000
410   -0.72000
411   -0.72000
412   -0.72000
413   -0.72000
414   -0.72000
415   -0.72000
416   -0.72000
417   -0.72000
418   -0.72000
419   -0.72000
420   -0.72000
421   -0.72000
422   -0.72000
423   -0.72000
424   -0.72000
425   -0.72000
426   -0.72000
427   -0.72000
428   -0.72000
429   -0.72000
430   -0.72000
431   -0.72000
432   -0.72000
433   -0.72000
434   -0.72000
435   -0.72000
436   -0.72000
437   -0.72000
438   -0.72000
439   -0.72000
440   -0.72000
441   -0.72000
442   -0.72000
443   -0.72000
444   -0.72000
445   -0.72000
446   -0.72000
447   -0.72000
448   -0.72000
449   -0.72000
450   -0.72000
451   -0.72000
452   -0.72000
453   -0.72000
454   -0.72000
455   -0.72000
456   -0.72000
457   -0.72000
458   -0.72000
459   -0.72000
460   -0.72000
461   -0.72000
462   -0.72000
463   -0.72000
464   -0.72000
465   -0.72000
466   -0.72000
467   -0.72000
468   -0.72000
469   -0.72000
470   -0.72000
471   -0.72000
472   -0.72000
473   -0.72000
474   -0.72000
475   -0.72000
476   -0.72000
477   -0.72000
478   -0.72000
479   -0.72000
480   -0.72000
481   -0.72000
482   -0.72000
483   -0.72000
484   -0.72000
485   -0.72000
486   -0.72000
487   -0.72000
488   -0.72000
489   -0.72000
490   -0.72000
491   -0.72000
492   -0.72000
493   -0.72000
494   -0.72000
495   -0.72000
496   -0.72000
497   -0.72000
498   -0.72000
499   -0.72000
500   -0.72000
501   -0.72000
502   -0.72000
503   -0.72000
504   -0.72000
505   -0.72000
506   -0.72000
507   -0.72000
508   -0.72000
509   -0.72000
510   -0.72000
511   -0.72000
512   -0.72000
513   -0.72000
514   -0.72000
515   -0.72000
516   -0.72000
517   -0.72000
518   -0.72000
519   -0.72000
520   -0.72000
521   -0.72000
522   -0.72000
523   -0.72000
524   -0.72000
525   -0.72000
526   -0.72000
527   -0.72000
528   -0.72000
529   -0.72000
530   -0.72000
531   -0.72000
532   -0.72000
533   -0.72000
534   -0.72000
535   -0.72000
536   -0.72000
537   -0.72000
538   -0.72000
539   -0.72000
540   -0.72000
541   -0.72000
542   -0.72000
543   -0.72000
544   -0.72000
545   -0.72000
546   -0.72000
547   -0.72000
548   -0.72000
549   -0.72000
550   -0.72000
551   -0.72000
552   -0.72000
553   -0.72000
554   -0.72000
555   -0.72000
556   -0.72000
557   -0.72000
558   -0.72000
559   -0.72000
560   -0.72000
561   -0.72000
562   -0.72000
563   -0.72000
564   -0.72000
565   -0.72000
566   -0.72000
567   -0.72000
568   -0.72000
569   -0.72000
570   -0.72000
571   -0.72000
572   -0.72000
573   -0.72000
574   -0.72000
575   -0.72000
576   -0.72000
577   -0.72000
578   -0.72000
579   -0.72000
580   -0.72000
581   -0.72000
582   -0.72000
583   -0.72000
584   -0.72000
585   -0.72000
586   -0.72000
587   -0.72000
588   -0.72000
589   -0.72000
590   -0.72000
591   -0.72000
592   -0.72000
593   -0.72000
594   -0.72000
595   -0.72000
596   -0.72000
597   -0.72000
598   -0.72000
599   -0.72000
600   -0.72000
601   -0.72000
602   -0.72000
603   -0.72000
604   -0.72000
605   -0.72000
606   -0.72000
607   -0.72000
608   -0.72000
609   -0.72000
610   -0.72000
611   -0.72000
612   -0.72000
613   -0.72000
614   -0.72000
615   -0.72000
616   -0.72000
617   -0.72000
618   -0.72000
619   -0.72000
620   -0.72000
621   -0.72000
622   -0.72000
623   -0.72000
624   -0.72000
625   -0.72000
626   -0.72000
627   -0.72000
628   -0.72000
629   -0.72000
630   -0.72000
631   -0.72000
632   -0.72000
633   -0.72000
634   -0.72000
635   -0.72000
636   -0.72000
637   -0.72000
638   -0.72000
639   -0.72000
640   -0.72000
641   -0.72000
642   -0.72000
643   -0.72000
644   -0.72000
645   -0.72000
646   -0.72000
647   -0.72000
648   -0.72000
649   -0.72000
650   -0.72000
651   -0.72000
652   -0.72000
653   -0.72000
654   -0.72000
655   -0.72000
656   -0.72000
657   -0.72000
658   -0.72000
659   -0.72000
660   -0.72000
661   -0.72000
662   -0.72000
663   -0.72000
664   -0.72000
665   -0.72000
666   -0.72000
667   -0.72000
668   -0.72000
669   -0.72000
670   -0.72000
671   -0.72000
672   -0.72000
673   -0.72000
674   -0.72000
675   -0.72000
676   -0.72000
677   -0.72000
678   -0.72000
679   -0.72000
680   -0.72000
681   -0.72000
682   -0.72000
683   -0.72000
684   -0.72000
685   -0.72000
686   -0.72000
687   -0.72000
688   -0.72000
689   -0.72000
690   -0.72000
691   -0.72000
692   -0.72000
693   -0.72000
694   -0.72000
695   -0.72000
696   -0.72000
697   -0.72000
698   -0.72000
699   -0.72000
700   -0.72000
701   -0.72000
702   -0.72000
703   -0.72000
704   -0.72000
705   -0.72000
706   -0.72000
707   -0.72000
708   -0.72000
709   -0.72000
710   -0.72000
711   -0.72000
712   -0.72000
713   -0.72000
714   -0.72000
715   -0.72000
716   -0.72000
717   -0.72000
718   -0.72000
719   -0.72000
720   -0.72000
721   -0.72000
722   -0.72000
723   -0.72000
724   -0.72000
725   -0.72000
726   -0.72000
727   -0.72000
728   -0.72000
729   -0.72000
730   -0.72000
731   -0.72000
732   -0.72000
733   -0.72000
734   -0.72000
735   -0.72000
736   -0.72000
737   -0.72000
738   -0.72000
739   -0.72000
740   -0.72000
741   -0.72000
742   -0.72000
743   -0.72000
744   -0.72000
745   -0.72000
746   -0.72000
747   -0.72000
748   -0.72000
749   -0.72000
750   -0.72000
751   -0.72000
752   -0.72000
753   -0.72000
754   -0.72000
755   -0.72000
756   -0.72000
757   -0.72000
758   -0.72000
759   -0.72000
760   -0.72000
761   -0.72000
762   -0.72000
763   -0.72000
764   -0.72000
765   -0.72000
766   -0.72000
767   -0.72000
768   -0.72000
769   -0.72000
770   -0.72000
771   -0.72000
772   -0.72000
773   -0.72000
774   -0.72000
775   -0.72000
776   -0.72000
777   -0.72000
778   -0.72000
779   -0.72000
780   -0.72000
781   -0.72000
782   -0.72000
783   -0.72000
784   -0.72000
785   -0.72000
786   -0.72000
787   -0.72000
788   -0.72000
789   -0.72000
790   -0.72000
791   -0.72000
792   -0.72000
793   -0.72000
794   -0.72000
795   -0.72000
796   -0.72000
797   -0.72000
798   -0.72000
799   -0.72000
800   -0.72000
801   -0.72000
802   -0.72000
803   -0.72000
804   -0.72000
805   -0.72000
806   -0.72000
807   -0.72000
808   -0.72000
809   -0.72000
810   -0.72000
811   -0.72000
812   -0.72000
813   -0.72000
814   -0.72000
815   -0.72000
816   -0.72000
817   -0.72000
818   -0.72000
819   -0.72000
820   -0.72000
821   -0.72000
822   -0.72000
823   -0.72000
824   -0.72000
825   -0.72000
826   -0.72000
827   -0.72000
828   -0.72000
829   -0.72000
830   -0.72000
831   -0.72000
832   -0.72000
833   -0.72000
834   -0.72000
835   -0.72000
836   -0.72000
837   -0.72000
838   -0.72000
839   -0.72000
840   -0.72000
841   -0.72000
842   -0.72000
843   -0.72000
844   -0.72000
845   -0.72000
846   -0.72000
847   -0.72000
848   -0.72000
849   -0.72000
850   -0.72000
851   -0.72000
852   -0.72000
853   -0.72000
854   -0.72000
855   -0.72000
856   -0.72000
857   -0.72000
858   -0.72000
859   -0.72000
860   -0.72000
861   -0.72000
862   -0.72000
863   -0.72000
864   -0.72000
865   -0.72000
866   -0.72000
867   -0.72000
868   -0.72000
869   -0.72000
870   -0.72000
871   -0.72000
872   -0.72000
873   -0.72000
874   -0.72000
875   -0.72000
876   -0.72000
877   -0.72000
878   -0.72000
879   -0.72000
880   -0.72000
881   -0.72000
882   -0.72000
883   -0.72000
884   -0.72000
885   -0.72000
886   -0.72000
887   -0.72000
888   -0.72000
889   -0.72000
890   -0.72000
891   -0.72000
892   -0.72000
893   -0.72000
894   -0.72000
895   -0.72000
896   -0.72000
897   -0.72000
898   -0.72000
899   -0.72000
900   -0.72000
901   -0.72000
902   -0.72000
903   -0.72000
904   -0.72000
905   -0.72000
906   -0.72000
907   -0.72000
908   -0.72000
909   -0.72000
910   -0.72000
911   -0.72000
912   -0.72000
913   -0.72000
914   -0.72000
915   -0.72000
916   -0.72000
917   -0.72000
918   -0.72000
919   -0.72000
920   -0.72000
921   -0.72000
922   -0.72000
923   -0.72000
924   -0.72000
925   -0.72000
926   -0.72000
927   -0.72000
928   -0.72000
929   -0.72000
930   -0.72000
931   -0.72000
932   -0.72000
933   -0.72000
934   -0.72000
935   -0.72000
936   -0.72000
937   -0.72000
938   -0.72000
939   -0.72000
940   -0.72000
941   -0.72000
942   -0.72000
943   -0.72000
944   -0.72000
945   -0.72000
946   -0.72000
947   -0.72000
948   -0.72000
949   -0.72000
950   -0.72000
951   -0.72000
952   -0.72000
953   -0.72000
954   -0.72000
955   -0.72000
956   -0.72000
957   -0.72000
958   -0.72000
959   -0.72000
960   -0.72000
961   -0.72000
962   -0.72000
963   -0.72000
964   -0.72000
965   -0.72000
966   -0.72000
967   -0.72000
968   -0.72000
969   -0.72000
970   -0.72000
971   -0.72000
972   -0.72000
973   -0.72000
974   -0.72000
975   -0.72000
976   -0.72000
977   -0.72000
978   -0.72000
979   -0.72000
980   -0.72000
981   -0.72000
982   -0.72000
983   -0.72000
984   -0.72000
985   -0.72000
986   -0.72000
987   -0.72000
988   -0.72000
989   -0.72000
990   -0.72000
991   -0.72000
992   -0.72000
993   -0.72000
994   -0.72000
995   -0.72000
996   -0.72000
997   -0.72000
998   -0.72000
999   -0.72000
1000   -0.72000
1001   -0.72000
1002   -0.72000
1003   -0.72000
1004   -0.72000
1005   -0.72000
1006   -0.72000
1007   -0.72000
1008   -0.72000
1009   -0.72000
1010   -0.72000
1011   -0.72000
1012   -0.72000
1013   -0.72000
1014   -0.72000
1015   -0.72000
1016   -0.72000
1017   -0.72000
1018   -0.72000
1019   -0.72000
1020   -0.72000
1021   -0.72000
1022   -0.72000
1023   -0.72000
1024   -0.72000
1025   -0.72000
1026   -0.72000
1027   -0.72000
1028   -0.72000
1029   -0.72000
1030   -0.72000
1031   -0.72000
1032   -0.72000
1033   -0.72000
1034   -0.72000
1035   -0.72000
1036   -0.72000
1037   -0.72000
1038   -0.72000
1039   -0.72000
1040   -0.72000
1041   -0.72000
1042   -0.72000
1043   -0.72000
1044   -0.72000
1045   -0.72000
1046   -0.72000
1047   -0.72000
1048   -0.72000
1049   -0.72000
1050   -0.72000
1051   -0.72000
1052   -0.72000
1053   -0.72000
1054   -0.72000
1055   -0.72000
1056   -0.72000
1057   -0.72000
1058   -0.72000
1059   -0.72000
1060   -0.72000
1061   -0.72000
1062   -0.72000
1063   -0.72000
1064   -0.72000
1065   -0.72000
1066   -0.72000
1067   -0.72000
1068   -0.72000
1069   -0.72000
1070   -0.72000
1071   -0.72000
1072   -0.72000
1073   -0.72000
1074   -0.72000
1075   -0.72000
1076   -0.72000
1077   -0.72000
1078   -0.72000
1079   -0.72000
1080   -0.72000
1081   -0.72000
1082   -0.72000
1083   -0.72000
1084   -0.72000
1085   -0.72000
1086   -0.72000
1087   -0.72000
1088   -0.72000
1089   -0.72000
1090   -0.72000
1091   -0.72000
1092   -0.72000
1093   -0.72000
1094   -0.72000
1095   -0.72000
1096   -0.72000
1097   -0.72000
1098   -0.72000
1099   -0.72000
1100   -0.72000
1101   -0.72000
1102   -0.72000
1103   -0.72000
1104   -0.72000
1105   -0.72000
1106   -0.72000
1107   -0.72000
1108   -0.72000
1109   -0.72000
1110   -0.72000
1111   -0.72000
1112   -0.72000
1113   -0.72000
1114   -0.72000
1115   -0.72000
1116   -0.72000
1117   -0.72000
1118   -0.72000
1119   -0.72000
1120   -0.72000
1121   -0.72000
1122   -0.72000
1123   -0.72000
1124   -0.72000
1125   -0.72000
1126   -0.72000
1127   -0.72000
1128   -0.72000
1129   -0.72000
1130   -0.72000
1131   -0.72000
1132   -0.72000
1133   -0.72000
1134   -0.72000
1135   -0.72000
1136   -0.72000
1137   -0.72000
1138   -0.72000
1139   -0.72000
1140   -0.72000
1141   -0.72000
1142   -0.72000
1143   -0.72000
1144   -0.72000
1145   -0.72000
1146   -0.72000
1147   -0.72000
1148   -0.72000
1149   -0.72000
1150   -0.72000
1151   -0.72000
1152   -0.72000
1153   -0.72000
1154   -0.72000
1155   -0.72000
1156   -0.72000
1157   -0.72000
1158   -0.72000
1159   -0.72000
1160   -0.72000
1161   -0.72000
1162   -0.72000
1163   -0.72000
1164   -0.72000
1165   -0.72000
1166   -0.72000
1167   -0.72000
1168   -0.72000
1169   -0.72000
1170   -0.72000
1171   -0.72000
1172   -0.72000
1173   -0.72000
1174   -0.72000
1175   -0.72000
1176   -0.72000
1177   -0.72000
1178   -0.72000
1179   -0.72000
1180   -0.72000
1181   -0.72000
1182   -0.72000
1183   -0.72000
1184   -0.72000
1185   -0.72000
1186   -0.72000
1187   -0.72000
1188   -0.72000
1189   -0.72000
1190   -0.72000
1191   -0.72000
1192   -0.72000
1193   -0.72000
1194   -0.72000
1195   -0.72000
1196   -0.72000
1197   -0.72000
1198   -0.72000
1199   -0.72000
1200   -0.72000
1201   -0.72000
1202   -0.72000
1203   -0.72000
1204   -0.72000
1205   -0.72000
1206   -0.72000
1207   -0.72000
1208   -0.72000
1209   -0.72000
1210   -0.72000
1211   -0.72000
1212   -0.72000
1213   -0.72000
1214   -0.72000
1215   -0.72000
1216   -0.72000
1217   -0.72000
1218   -0.72000
1219   -0.72000
1220   -0.72000
1221   -0.72000
1222   -0.72000
1223   -0.72000
1224   -0.72000
1225   -0.72000
1226   -0.72000
1227   -0.72000
1228   -0.72000
1229   -0.72000
1230   -0.72000
1231   -0.72000
1232   -0.72000
1233   -0.72000
1234   -0.72000
1235   -0.72000
1236   -0.72000
1237   -0.72000
1238   -0.72000
1239   -0.72000
1240   -0.72000
1241   -0.72000
1242   -0.72000
1243   -0.72000
1244   -0.72000
1245   -0.72000
1246   -0.72000
1247   -0.72000
1248   -0.72000
1249   -0.72000
1250   -0.72000
1251   -0.72000
1252   -0.72000
1253   -0.72000
1254   -0.72000
1255   -0.72000
1256   -0.72000
1257   -0.72000
1258   -0.72000
1259   -0.72000
1260   -0.72000
1261   -0.72000
1262   -0.72000
1263   -0.72000
1264   -0.72000
1265   -0.72000
1266   -0.72000
1267   -0.72000
1268   -0.72000
1269   -0.72000
1270   -0.72000
1271   -0.72000
1272   -0.72000
1273   -0.72000
1274   -0.72000
1275   -0.72000
1276   -0.72000
1277   -0.72000
1278   -0.72000
1279   -0.72000
1280   -0.72000
1281   -0.72000
1282   -0.72000
1283   -0.72000
1284   -0.72000
1285   -0.72000
1286   -0.72000
1287   -0.72000
1288   -0.72000
1289   -0.72000
1290   -0.72000
1291   -0.72000
1292   -0.72000
1293   -0.72000
1294   -0.72000
1295   -0.72000
1296   -0.72000
1297   -0.72000
1298   -0.72000
1299   -0.72000
1300   -0.72000
1301   -0.72000
1302   -0.72000
1303   -0.72000
1304   -0.72000
1305   -0.72000
1306   -0.72000
1307   -0.72000
1308   -0.72000
1309   -0.72000
1310   -0.72000
1311   -0.72000
1312   -0.72000
1313   -0.72000
1314   -0.72000
1315   -0.72000
1316   -0.72000
1317   -0.72000
1318   -0.72000
1319   -0.72000
1320   -0.72000
1321   -0.72000
1322   -0.72000
1323   -0.72000
1324   -0.72000
1325   -0.72000
1326   -0.72000
1327   -0.72000
1328   -0.72000
1329   -0.72000
1330   -0.72000
1331   -0.72000
1332   -0.72000
1333   -0.72000
1334   -0.72000
1335   -0.72000
1336   -0.72000
1337   -0.72000
1338   -0.72000
1339   -0.72000
1340   -0.72000
1341   -0.72000
1342   -0.72000
1343   -0.72000
1344   -0.72000
1345   -0.72000
1346   -0.72000
1347   -0.72000
1348   -0.72000
1349   -0.72000
1350   -0.72000
1351   -0.72000
1352   -0.72000
1353   -0.72000
1354   -0.72000
1355   -0.72000
1356   -0.72000
1357   -0.72000
1358   -0.72000
1359   -0.72000
1360   -0.72000
1361   -0.72000
1362   -0.72000
1363   -0.72000
1364   -0.72000
1365   -0.72000
1366   -0.72000
1367   -0.72000
1368   -0.72000
1369   -0.72000
1370   -0.72000
1371   -0.72000
1372   -0.72000
1373   -0.72000
1374   -0.72000
1375   -0.72000
1376   -0.72000
1377   -0.72000
1378   -0.72000
1379   -0.72000
1380   -0.72000
1381   -0.72000
1382   -0.72000
1383   -0.72000
1384   -0.72000
1385   -0.72000
1386   -0.72000
1387   -0.72000
1388   -0.72000
1389   -0.72000
1390   -0.72000
1391   -0.72000
1392   -0.72000
1393   -0.72000
1394   -0.72000
1395   -0.72000
1396   -0.72000
1397   -0.72000
1398   -0.72000
1399   -0.72000
1400   -0.72000
1401   -0.72000
1402   -0.72000
1403   -0.72000
1404   -0.72000
1405   -0.72000
1406   -0.72000
1407   -0.72000
1408   -0.72000
1409   -0.72000
1410   -0.72000
1411   -0.72000
1412   -0.72000
1413   -0.72000
1414   -0.72000
1415   -0.72000
1416   -0.72000
1417   -0.72000
1418   -0.72000
1419   -0.72000
1420   -0.72000
1421   -0.72000
1422   -0.72000
1423   -0.72000
1424   -0.72000
1425   -0.72000
1426   -0.72000
1427   -0.72000
1428   -0.72000
1429   -0.72000
1430   -0.72000
1431   -0.72000
1432   -0.72000
1433   -0.72000
1434   -0.72000
1435   -0.72000
1436   -0.72000
1437   -0.72000
1438   -0.72000
1439   -0.72000
1440   -0.72000
1441   -0.72000
1442   -0.72000
1443   -0.72000
1444   -0.72000
1445   -0.72000
1446   -0.72000
1447   -0.72000
1448   -0.72000
1449   -0.72000
1450   -0.72000
1451   -0.72000
1452   -0.72000
1453   -0.72000
1454   -0.72000
1455   -0.72000
1456   -0.72000
1457   -0.72000
1458   -0.72000
1459   -0.72000
1460   -0.72000
1461   -0.72000
1462   -0.72000
1463   -0.72000
1464   -0.72000
1465   -0.72000
1466   -0.72000
1467   -0.72000
1468   -0.72000
1469   -0.72000
1470   -0.72000
1471   -0.72000
1472   -0.72000
1473   -0.72000
1474   -0.72000
1475   -0.72000
1476   -0.72000
1477   -0.72000
1478   -0.72000
1479   -0.72000
1480   -0.72000
1481   -0.72000
1482   -0.72000
1483   -0.72000
1484   -0.72000
1485   -0.72000
1486   -0.72000
1487   -0.72000
1488   -0.72000
1489   -0.72000
1490   -0.72000
1491   -0.72000
1492   -0.72000
1493   -0.72000
1494   -0.72000
1495   -0.72000
1496   -0.72000
1497   -0.72000
1498   -0.72000
1499   -0.72000
1500   -0.72000
1501   -0.72000
1502   -0.72000
1503   -0.72000
1504   -0.72000
1505   -0.72000
1506   -0.72000
1507   -0.72000
1508   -0.72000
1509   -0.72000
1510   -0.72000
1511   -0.72000
1512   -0.72000
1513   -0.72000
1514   -0.72000
1515   -0.72000
1516   -0.72000
1517   -0.72000
1518   -0.72000
1519   -0.72000
1520   -0.72000
1521   -0.72000
1522   -0.72000
1523   -0.72000
1524   -0.72000
1525   -0.72000
1526   -0.72000
1527   -0.72000
1528   -0.72000
1529   -0.72000
1530   -0.72000
1531   -0.72000
1532   -0.72000
1533   -0.72000
1534   -0.72000
1535   -0.72000
1536   -0.72000
1537   -0.72000
1538   -0.72000
1539   -0.72000
1540   -0.72000
1541   -0.72000
1542   -0.72000
1543   -0.72000
1544   -0.72000
1545   -0.72000
1546   -0.72000
1547   -0.72000
1548   -0.72000
1549   -0.72000
1550   -0.72000
1551   -0.72000
1552   -0.72000
1553   -0.72000
1554   -0.72000
1555   -0.72000
1556   -0.72000
1557   -0.72000
1558   -0.72000
1559   -0.72000
1560   -0.72000
1561   -0.72000
1562   -0.72000
1563   -0.72000
1564   -0.72000
1565   -0.72000
1566   -0.72000
1567   -0.72000
1568   -0.72000
1569   -0.72000
1570   -0.72000
1571   -0.72000
1572   -0.72000
1573   -0.72000
1574   -0.72000
1575   -0.72000
1576   -0.72000
1577   -0.72000
1578   -0.72000
1579   -0.72000
1580   -0.72000
1581   -0.72000
1582   -0.72000
1583   -0.72000
1584   -0.72000
1585   -0.72000
1586   -0.72000
1587   -0.72000
1588   -0.72000
1589   -0.72000
1590   -0.72000
1591   -0.72000
1592   -0.72000
1593   -0.72000
1594   -0.72000
1595   -0.72000
1596   -0.72000
1597   -0.72000
1598   -0.72000
1599   -0.72000
1600   -0.72000
1601   -0.72000
1602   -0.72000
1603   -0.72000
1604   -0.72000
1605   -0.72000
1606   -0.72000
1607   -0.72000
1608   -0.72000
1609   -0.72000
1610   -0.72000
1611   -0.72000
1612   -0.72000
1613   -0.72000
1614   -0.72000
1615   -0.72000
1616   -0.72000
1617   -0.72000
1618   -0.72000
1619   -0.72000
1620   -0.72000
1621   -0.72000
1622   -0.72000
1623   -0.72000
1624   -0.72000
1625   -0.72000
1626   -0.72000
1627   -0.72000
1628   -0.72000
1629   -0.72000
1630   -0.72000
1631   -0.72000
1632   -0.72000
1633   -0.72000
1634   -0.72000
1635   -0.72000
1636   -0.72000
1637   -0.72000
1638   -0.72000
1639   -0.72000
1640   -0.72000
1641   -0.72000
1642   -0.72000
1643   -0.72000
1644   -0.72000
1645   -0.72000
1646   -0.72000
1647   -0.72000
1648   -0.72000
1649   -0.72000
1650   -0.72000
1651   -0.72000
1652   -0.72000
1653   -0.72000
1654   -0.72000
1655   -0.72000
1656   -0.72000
1657   -0.72000
1658   -0.72000
1659   -0.72000
1660   -0.72000
1661   -0.72000
1662   -0.72000
1663   -0.72000
1664   -0.72000
1665   -0.72000
1666   -0.72000
1667   -0.72000
1668   -0.72000
1669   -0.72000
1670   -0.72000
1671   -0.72000
1672   -0.72000
1673   -0.72000
1674   -0.72000
1675   -0.72000
1676   -0.72000
1677   -0.72000
1678   -0.72000
1679   -0.72000
1680   -0.72000
1681   -0.72000
1682   -0.72000
1683   -0.72000
1684   -0.72000
1685   -0.72000
1686   -0.72000
1687   -0.72000
1688   -0.72000
1689   -0.72000
1690   -0.72000
1691   -0.72000
1692   -0.72000
1693   -0.72000
1694   -0.72000
1695   -0.72000
1696   -0.72000
1697   -0.72000
1698   -0.72000
1699   -0.72000
1700   -0.72000
1701   -0.72000
1702   -0.72000
1703   -0.72000
1704   -0.72000
1705   -0.72000
1706   -0.72000
1707   -0.72000
1708   -0.72000
1709   -0.72000
1710   -0.72000
1711   -0.72000
1712   -0.72000
1713   -0.72000
1714   -0.72000
1715   -0.72000
1716   -0.72000
1717   -0.72000
1718   -0.72000
1719   -0.72000
1720   -0.72000
1721   -0.72000
1722   -0.72000
1723   -0.72000
1724   -0.72000
1725   -0.72000
1726   -0.72000
1727   -0.72000
1728   -0.72000
1729   -0.72000
1730   -0.72000
1731   -0.72000
1732   -0.72000
1733   -0.72000
1734   -0.72000
1735   -0.72000
1736   -0.72000
1737   -0.72000
1738   -0.72000
1739   -0.72000
1740   -0.72000
1741   -0.72000
1742   -0.72000
1743   -0.72000
1744   -0.72000
1745   -0.72000
1746   -0.72000
1747   -0.72000
1748   -0.72000
1749   -0.72000
1750   -0.72000
1751   -0.72000
1752   -0.72000
1753   -0.72000
1754   -0.72000
1755   -0.72000
1756   -0.72000
1757   -0.72000
1758   -0.72000
1759   -0.72000
1760   -0.72000
1761   -0.72000
1762   -0.72000
1763   -0.72000
1764   -0.72000
1765   -0.72000
1766   -0.72000
1767   -0.72000
1768   -0.72000
1769   -0.72000
1770   -0.72000
1771   -0.72000
1772   -0.72000
1773   -0.72000
1774   -0.72000
1775   -0.72000
1776   -0.72000
1777   -0.72000
1778   -0.72000
1779   -0.72000
1780   -0.72000
1781   -0.72000
1782   -0.72000
1783   -0.72000
1784   -0.72000
1785   -0.72000
1786   -0.72000
1787   -0.72000
1788   -0.72000
1789   -0.72000
1790   -0.72000
1791   -0.72000
1792   -0.72000
1793   -0.72000
1794   -0.72000
1795   -0.72000
1796   -0.72000
1797   -0.72000
1798   -0.72000
1799   -0.72000
1800   -0.72000
1801   -0.72000
1802   -0.72000
1803   -0.72000
1804   -0.72000
1805   -0.72000
1806   -0.72000
1807   -0.72000
1808   -0.72000
1809   -0.72000
1810   -0.72000
1811   -0.72000
1812   -0.72000
1813   -0.72000
1814   -0.72000
1815   -0.72000
1816   -0.72000
1817   -0.72000
1818   -0.72000
1819   -0.72000
1820   -0.72000
1821   -0.72000
1822   -0.72000
1823   -0.72000
1824   -0.72000
1825   -0.72000
1826   -0.72000
1827   -0.72000
1828   -0.72000
1829   -0.72000
1830   -0.72000
1831   -0.72000
1832   -0.72000
1833   -0.72000
1834   -0.72000
1835   -0.72000
1836   -0.72000
1837   -0.72000
1838   -0.72000
1839   -0.72000
1840   -0.72000
1841   -0.72000
1842   -0.72000
1843   -0.72000
1844   -0.72000
1845   -0.72000
1846   -0.72000
1847   -0.72000
1848   -0.72000
1849   -0.72000
1850   -0.72000
1851   -0.72000
1852   -0.72000
1853   -0.72000
1854   -0.72000
1855   -0.72000
1856   -0.72000
1857   -0.72000
1858   -0.72000
1859   -0.72000
1860   -0.72000
1861   -0.72000
1862   -0.72000
1863   -0.72000
1864   -0.72000
1865   -0.72000
1866   -0.72000
1867   -0.72000
1868   -0.72000
1869   -0.72000
1870   -0.72000
1871   -0.72000
1872   -0.72000
1873   -0.72000
1874   -0.72000
1875   -0.72000
1876   -0.72000
1877   -0.72000
1878   -0.72000
1879   -0.72000
1880   -0.72000
1881   -0.72000
1882   -0.72000
1883   -0.72000
1884   -0.72000
1885   -0.72000
1886   -0.72000
1887   -0.72000
1888   -0.72000
1889   -0.72000
1890   -0.72000
1891   -0.72000
1892   -0.72000
1893   -0.72000
1894   -0.72000
1895   -0.72000
1896   -0.72000
1897   -0.72000
1898   -0.72000
1899   -0.72000
1900   -0.72000
1901   -0.72000
1902   -0.72000
1903   -0.72000
1904   -0.72000
1905   -0.72000
1906   -0.72000
1907   -0.72000
1908   -0.72000
1909   -0.72000
1910   -0.72000
1911   -0.72000
1912   -0.72000
1913   -0.72000
1914   -0.72000
1915   -0.72000
1916   -0.72000
1917   -0.72000
1918   -0.72000
1919   -0.72000
1920   -0.72000
1921   -0.72000
1922   -0.72000
1923   -0.72000
1924   -0.72000
1925   -0.72000
1926   -0.72000
1927   -0.72000
1928   -0.72000
1929   -0.72000
1930   -0.72000
1931   -0.72000
1932   -0.72000
1933   -0.72000
1934   -0.72000
1935   -0.72000
1936   -0.72000
1937   -0.72000
1938   -0.72000
1939   -0.72000
1940   -0.72000
1941   -0.72000
1942   -0.72000
1943   -0.72000
1944   -0.72000
1945   -0.72000
1946   -0.72000
1947   -0.72000
1948   -0.72000
1949   -0.72000
1950   -0.72000
1951   -0.72000
1952   -0.72000
1953   -0.72000
1954   -0.72000
1955   -0.72000
1956   -0.72000
1957   -0.72000
1958   -0.72000
1959   -0.72000
1960   -0.72000
1961   -0.72000
1962   -0.72000
1963   -0.72000
1964   -0.72000
1965   -0.72000
1966   -0.72000
1967   -0.72000
1968   -0.72000
1969   -0.72000
1970   -0.72000
1971   -0.72000
1972   -0.72000
1973   -0.72000
1974   -0.72000
1975   -0.72000
1976   -0.72000
1977   -0.72000
1978   -0.72000
1979   -0.72000
1980   -0.72000
1981   -0.72000
1982   -0.72000
1983   -0.72000
1984   -0.72000
1985   -0.72000
1986   -0.72000
1987   -0.72000
1988   -0.72000
1989   -0.72000
1990   -0.72000
1991   -0.72000
1992   -0.72000
1993   -0.72000
1994   -0.72000
1995   -0.72000
1996   -0.72000
1997   -0.72000
1998   -0.72000
1999   -0.72000
2000   -0.72000
